----------------------------------------------------------------------------------------------------
inference_data.txt
----------------------------------------------------------------------------------------------------
-------------------------
Info
-------------------------
<class 'pandas.core.frame.DataFrame'>
RangeIndex: 192 entries, 0 to 191
Columns: 19682 entries, 0 to 19679
dtypes: float64(19680), object(2)
memory usage: 28.8+ MB
None


-------------------------
Describe
-------------------------
            0           1           2           3             4           5      ...       19674       19675       19676       19677       19678       19679
count  192.000000  192.000000  192.000000  192.000000  1.920000e+02  192.000000  ...  128.000000  128.000000  128.000000  128.000000  128.000000  128.000000
mean    -0.000044   -0.000044   -0.000050   -0.000053 -4.681771e-05   -0.000038  ...   -0.000013   -0.000010   -0.000004   -0.000002   -0.000002   -0.000003
std      0.000099    0.000097    0.000100    0.000099  9.875361e-05    0.000102  ...    0.000082    0.000081    0.000076    0.000074    0.000078    0.000077
min     -0.000285   -0.000282   -0.000289   -0.000283 -2.800000e-04   -0.000274  ...   -0.000279   -0.000280   -0.000236   -0.000200   -0.000204   -0.000190
25%     -0.000111   -0.000105   -0.000112   -0.000115 -1.072500e-04   -0.000100  ...   -0.000083   -0.000078   -0.000064   -0.000068   -0.000066   -0.000069
50%     -0.000054   -0.000053   -0.000059   -0.000064 -5.750000e-05   -0.000051  ...    0.000012    0.000008    0.000012    0.000014    0.000012    0.000009
75%      0.000008    0.000005    0.000001   -0.000002 -5.000000e-07    0.000011  ...    0.000053    0.000053    0.000050    0.000050    0.000054    0.000054
max      0.000309    0.000305    0.000304    0.000305  3.060000e-04    0.000376  ...    0.000171    0.000170    0.000201    0.000208    0.000181    0.000159

[8 rows x 19680 columns]
-------------------------


-------------------------
Nulls per Feature
-------------------------
       total_null_values  percent_of_null_values
0                      0                0.000000
1                      0                0.000000
2                      0                0.000000
3                      0                0.000000
4                      0                0.000000
...                  ...                     ...
19675                 64               33.333333
19676                 64               33.333333
19677                 64               33.333333
19678                 64               33.333333
19679                 64               33.333333

[19682 rows x 2 columns]
Features with more than 10% null values:
       total_null_values  percent_of_null_values
9760                  64               33.333333
9761                  64               33.333333
9762                  64               33.333333
9763                  64               33.333333
9764                  64               33.333333
...                  ...                     ...
19675                 64               33.333333
19676                 64               33.333333
19677                 64               33.333333
19678                 64               33.333333
19679                 64               33.333333

[9920 rows x 2 columns]
----------------------------------------------------------------------------------------------------
