----------------------------------------------------------------------------------------------------
training_data_eda.txt
----------------------------------------------------------------------------------------------------
-------------------------
Info
-------------------------
<class 'pandas.core.frame.DataFrame'>
RangeIndex: 192 entries, 0 to 191
Columns: 20002 entries, 0 to subject_id
dtypes: float64(20000), object(2)
memory usage: 29.3+ MB
None


-------------------------
Describe
-------------------------
            0           1           2           3           4           5           6           7      ...  19992  19993  19994  19995  19996  19997  19998  19999
count  192.000000  192.000000  192.000000  192.000000  192.000000  192.000000  192.000000  192.000000  ...  128.0  128.0  128.0  128.0  128.0  128.0  128.0  128.0
mean    -0.000034   -0.000027   -0.000019   -0.000010   -0.000004   -0.000012   -0.000006   -0.000003  ...    0.0    0.0    0.0    0.0    0.0    0.0    0.0    0.0
std      0.000045    0.000051    0.000044    0.000046    0.000045    0.000044    0.000046    0.000043  ...    0.0    0.0    0.0    0.0    0.0    0.0    0.0    0.0
min     -0.000135   -0.000139   -0.000114   -0.000105   -0.000090   -0.000110   -0.000111   -0.000106  ...    0.0    0.0    0.0    0.0    0.0    0.0    0.0    0.0
25%     -0.000065   -0.000065   -0.000054   -0.000045   -0.000037   -0.000040   -0.000039   -0.000034  ...    0.0    0.0    0.0    0.0    0.0    0.0    0.0    0.0
50%     -0.000031   -0.000028   -0.000024   -0.000015   -0.000007   -0.000007   -0.000004   -0.000003  ...    0.0    0.0    0.0    0.0    0.0    0.0    0.0    0.0
75%      0.000000    0.000021    0.000017    0.000031    0.000032    0.000024    0.000030    0.000032  ...    0.0    0.0    0.0    0.0    0.0    0.0    0.0    0.0
max      0.000089    0.000091    0.000092    0.000121    0.000143    0.000148    0.000146    0.000147  ...    0.0    0.0    0.0    0.0    0.0    0.0    0.0    0.0

[8 rows x 20000 columns]
-------------------------


-------------------------
Nulls per Feature
-------------------------
               total_null_values  percent_of_null_values
0                              0                0.000000
1                              0                0.000000
2                              0                0.000000
3                              0                0.000000
4                              0                0.000000
...                          ...                     ...
19997                         64               33.333333
19998                         64               33.333333
19999                         64               33.333333
activity_type                  0                0.000000
subject_id                     0                0.000000

[20002 rows x 2 columns]
Features with more than 10% null values:
       total_null_values  percent_of_null_values
9760                  64               33.333333
9761                  64               33.333333
9762                  64               33.333333
9763                  64               33.333333
9764                  64               33.333333
...                  ...                     ...
19995                 64               33.333333
19996                 64               33.333333
19997                 64               33.333333
19998                 64               33.333333
19999                 64               33.333333

[10240 rows x 2 columns]
----------------------------------------------------------------------------------------------------
